 $DATA
 R(1)=2.59E-6,4.20E-6,5.76E-6,8.E-6,12.95E-6,0.
 WPWT(1)=5*.2
 CAPN=.67
 CPL=9020.09
 CPS=6590.03
 PR=.78
 GAMMA=1.28
 GMG0=6.E-5
 HPL=3.8772454E7
 HPS=2.7282724E7
 PC=500.
 RCAP=2800.
 SMP=250.
 TG0=6500.
 TPM=4140.
 CPG=12000.
 WPWGT=.4
 NILP=15
 THID=12.
 RT=.1,RRT=2.
 ZAX=.7
 IWALL=3
 THIW=12.
 THJW=26.
 RWMAX=5.2915
 ZWMAX=12.$
